% Real HCP 3-shell protocol, as acquired.
% Columns: b [ms/um^2]  gx  gy  gz
%
% Supplied by the user as FSL .bval/.bvec. The b values are DIVIDED BY 1000
% here: HCP .bval is in scanner units (s/mm^2) and this package carries b in
% ms/um^2 throughout, where b = 1 means 1000 s/mm^2.
%
% 288 volumes: 18 at b = 0.005 plus 90 each at nominal b = 1, 2, 3.
% Two things here are real-acquisition facts, not defects, and the walkthrough
% checks both rather than tidying them away:
%   1. the b = 0 volumes are b = 5 s/mm^2, not 0, and they carry unit direction
%      vectors like every other volume. The direction is meaningless there.
%   2. the b values jitter within each shell (990-1005, 1985-2010, 2980-3010
%      s/mm^2). SMI.Group_dwi_in_shells_b_beta_TE bins the 18 distinct values
%      into 4 shells; the forward model uses the exact per-volume b.
%
% 90 distinct directions per shell, none shared between shells, mean
% nearest-neighbour separation 12.7 deg, isotropic coverage.
0.0050000000000000001 0.57560900000000004 -0.56903499999999996 0.58726
1 0.93845400000000001 -0.21044299999999999 -0.273893
1.9950000000000001 0.31621500000000002 0.84137600000000001 0.43828499999999998
3.0049999999999999 0.141071 -0.49870900000000001 0.85521199999999997
0.995 0.12620200000000001 0.94624200000000003 -0.29782500000000001
2.9900000000000002 0.48032399999999997 -0.71719500000000003 -0.50489700000000004
2.0049999999999999 0.75737500000000002 -0.49397099999999999 0.42705399999999999
0.98999999999999999 0.321469 0.24449499999999999 0.91481100000000004
1.99 0.57853200000000005 0.20814299999999999 -0.78865499999999999
3 0.86761699999999997 0.47875499999999999 0.13429199999999999
1.0049999999999999 0.238814 -0.81936600000000004 -0.52115999999999996
1.9850000000000001 0.262519 0.021507999999999999 0.96468699999999996
2.9950000000000001 0.88298600000000005 -0.409584 0.229294
1.0049999999999999 0.37928800000000001 0.37590499999999999 -0.84548000000000001
1.9950000000000001 0.95644200000000001 0.28794500000000001 -0.048006
2.9950000000000001 -0.21534900000000001 -0.97526800000000002 0.049771000000000003
0.0050000000000000001 0.57690399999999997 -0.56928800000000002 0.58574099999999996
0.995 0.88088500000000003 0.331488 0.33787099999999998
2 0.49234699999999998 -0.82691800000000004 -0.27166200000000001
3.0099999999999998 0.084628999999999996 0.31532900000000003 0.94520099999999996
3.0049999999999999 0.73754500000000001 0.194103 -0.64680000000000004
0.995 0.59455599999999997 -0.60939500000000002 0.52453799999999995
2.0049999999999999 -0.119972 -0.85105500000000001 0.51118799999999998
1 0.74442699999999995 0.62305299999999997 -0.240068
1.99 0.33808100000000002 -0.455125 -0.82374899999999995
2.9849999999999999 0.697824 0.10549799999999999 0.708457
1.0049999999999999 0.45942899999999998 -0.29167999999999999 -0.83895600000000004
2 0.77727900000000005 0.26844699999999999 0.56901000000000002
3 0.38036599999999998 -0.88997000000000004 0.25154799999999999
0.995 0.42721700000000001 0.81390899999999999 0.39374700000000001
1.9950000000000001 0.89537999999999995 -0.337945 -0.28998000000000002
2.9900000000000002 0.459704 0.68733500000000003 -0.56235500000000005
0.0050000000000000001 0.57922899999999999 -0.56880200000000003 0.58391599999999999
3.0049999999999999 0.24503900000000001 0.76884200000000003 0.59062400000000004
1 0.653227 -0.756992 -0.016034
2 0.55670600000000003 0.81462400000000001 -0.16268299999999999
0.98999999999999999 0.25441000000000003 -0.34302199999999999 0.90421799999999997
1.99 0.28556300000000001 -0.56355699999999997 0.77515000000000001
2.9900000000000002 0.86665499999999995 -0.27856999999999998 -0.41389300000000001
0.995 0.91914600000000002 -0.173376 0.35371000000000002
2.9849999999999999 0.272393 0.058936000000000002 -0.96037899999999998
1.9950000000000001 0.109304 -0.99389499999999997 0.015004
3.0049999999999999 0.61250700000000002 -0.42877500000000002 0.66406900000000002
0.995 0.81501900000000005 0.204786 -0.54203900000000005
2.0099999999999998 0.212311 0.51633399999999996 0.82965199999999995
1 -0.071183999999999997 0.990892 0.114303
1.99 0.75995699999999999 0.44486399999999998 -0.47387800000000002
2.9950000000000001 0.99751999999999996 0.067419000000000007 -0.02019
0.0050000000000000001 0.57752099999999995 -0.56834700000000005 0.58604699999999998
1.0049999999999999 -0.0067190000000000001 -0.53498000000000001 -0.84483799999999998
2.0049999999999999 0.96432300000000004 -0.14254 0.223075
3 0.145314 -0.94782900000000003 -0.28373300000000001
3 0.58848500000000004 0.78181900000000004 0.20602100000000001
1.0049999999999999 -0.0016980000000000001 0.71784700000000001 -0.69619799999999998
1.9850000000000001 0.138651 0.26829700000000001 -0.95330599999999999
1.0049999999999999 0.67380399999999996 -0.0095890000000000003 0.73884700000000003
2.9849999999999999 0.472526 -0.38382500000000003 -0.79334499999999997
2.0049999999999999 0.50832100000000002 -0.82066700000000004 0.260992
0.995 0.68864000000000003 -0.55086199999999996 -0.47151399999999999
1.99 0.694855 -0.26471600000000001 -0.66865699999999995
3.0049999999999999 -0.014741000000000001 0.82945599999999997 -0.55837800000000004
1 0.52144000000000001 0.85323400000000005 -0.0095779999999999997
2.9900000000000002 0.56001699999999999 0.46807500000000002 0.68358300000000005
2 0.70875500000000002 0.63988500000000004 0.29700599999999999
0.0050000000000000001 0.57612200000000002 -0.56668499999999999 0.58902500000000002
0.98999999999999999 0.122225 0.016382000000000001 -0.992367
2.0049999999999999 0.62172000000000005 -0.16953699999999999 0.76467099999999999
2.9950000000000001 0.72910600000000003 -0.67951799999999996 -0.081613000000000005
1 0.98095900000000003 0.18168799999999999 -0.068608000000000002
2.0049999999999999 -0.124233 0.82575299999999996 0.55017899999999997
3 0.79969299999999999 0.50362300000000004 -0.32688600000000001
0.995 0.32574500000000001 -0.88211399999999995 0.34024300000000002
2.0049999999999999 0.36308400000000002 0.60394400000000004 -0.70952300000000001
3.0049999999999999 0.91905599999999998 0.014201999999999999 0.39387100000000003
1.0049999999999999 0.58298700000000003 0.52430100000000002 0.620672
2 0.80381499999999995 -0.59463900000000003 -0.016920000000000001
3.0099999999999998 0.285167 -0.099798999999999999 0.953268
0.995 0.52265700000000004 0.62506700000000004 -0.57975900000000002
2.0049999999999999 0.13223499999999999 -0.17322399999999999 -0.97596400000000005
1.9950000000000001 0.280227 0.95863900000000002 0.049841999999999997
0.0050000000000000001 0.57382 -0.56800499999999998 0.590001
1 0.88374600000000003 -0.46110000000000001 0.079868999999999996
3.0099999999999998 0.29944399999999999 0.44234000000000001 -0.84538100000000005
2.9900000000000002 0.59874799999999995 -0.69049199999999999 0.40586
1.0049999999999999 0.66042599999999996 -0.049126000000000003 -0.749282
1.99 0.92572600000000005 0.048294999999999998 -0.37509700000000001
3.0049999999999999 -0.116884 0.66081000000000001 0.74139600000000005
1 0.120133 0.81053200000000003 0.57323999999999997
2.0099999999999998 0.52385599999999999 0.32510099999999997 0.78732599999999997
3 0.50109300000000001 0.83348999999999995 -0.23281099999999999
0.98999999999999999 0.559697 -0.34156300000000001 0.75503299999999995
2.0049999999999999 0.241948 -0.82245400000000002 0.51481100000000002
2.9900000000000002 -0.70497100000000001 0.14593500000000001 0.69405899999999998
2.9950000000000001 -0.41555599999999998 0.90499099999999999 0.091134999999999994
1 0.78947699999999998 0.59555999999999998 0.14843500000000001
0.0050000000000000001 0.56654199999999999 -0.56467800000000001 0.60014100000000004
2.9900000000000002 0.79276899999999995 0.42606899999999998 0.43586900000000001
0.995 0.41177900000000001 -0.89059500000000003 -0.193076
1.9950000000000001 0.93545100000000003 0.22928100000000001 0.26899899999999999
1.9950000000000001 0.55900000000000005 -0.63547299999999995 -0.53262900000000002
1.0049999999999999 0.072191000000000005 0.40285300000000002 -0.91241300000000003
2 0.79711900000000002 0.59165100000000004 -0.12062299999999999
2.9900000000000002 0.23454800000000001 0.93313699999999999 0.272476
1.0049999999999999 0.37417499999999998 -0.59630000000000005 -0.710225
2.0099999999999998 0.182167 -0.28943799999999997 0.93970200000000004
2.9950000000000001 0.952658 -0.289078 -0.094209000000000001
1 0.40904099999999999 0.82714100000000002 -0.38538800000000001
1.9950000000000001 0.016653999999999999 -0.96256699999999995 -0.27053100000000002
3.0099999999999998 -0.0017080000000000001 -0.16206200000000001 0.98677899999999996
1 0.99086200000000002 -0.11031000000000001 0.077609999999999998
2.0049999999999999 0.45455200000000001 -0.092478000000000005 -0.88590599999999997
2.9900000000000002 0.92611299999999996 0.165738 -0.33888699999999999
0.0050000000000000001 0.56738999999999995 -0.56331699999999996 0.60061799999999999
0.98999999999999999 0.19364799999999999 0.015177 0.98095299999999996
2.9900000000000002 0.30770500000000001 -0.68770699999999996 0.65755399999999997
2.0049999999999999 0.82853600000000005 -0.164163 0.53532999999999997
1 0.23330400000000001 0.96472199999999997 0.121989
2.0049999999999999 0.45517299999999999 0.76225500000000002 -0.46020100000000003
2.9849999999999999 0.407611 0.241922 0.88052600000000003
0.995 0.73508499999999999 0.25194100000000003 0.62942399999999998
2.0049999999999999 0.493676 0.63264600000000004 0.596692
2.9900000000000002 0.031394999999999999 -0.96736 0.25145299999999998
0.995 0.80409399999999998 -0.25767499999999999 -0.53575799999999996
2.0049999999999999 0.52235699999999996 -0.607375 0.59853100000000004
2.9900000000000002 0.79377399999999998 -0.22167799999999999 0.56637499999999996
1.0049999999999999 0.28801700000000002 -0.72834600000000005 0.62173800000000001
2 0.98655000000000004 -0.13733000000000001 -0.088650999999999994
3.0099999999999998 0.22015699999999999 -0.31599899999999997 -0.92286199999999996
0.0050000000000000001 0.568415 -0.56315599999999999 0.59979899999999997
0.995 0.72863900000000004 -0.62423700000000004 0.28180300000000003
3 0.72076899999999999 -0.57023699999999999 -0.39410800000000001
1.99 0.069364999999999996 -0.62374399999999997 -0.77854400000000001
1.0049999999999999 0.30624699999999999 0.57190200000000002 0.76101300000000005
0.995 0.88444299999999998 0.35136899999999999 -0.30708200000000002
2.0049999999999999 0.070994000000000002 0.59137600000000001 -0.80326399999999998
2.9900000000000002 0.58728499999999995 0.41749399999999998 -0.69339300000000004
2 0.41151900000000002 -0.91111900000000001 0.022686000000000001
2.9950000000000001 0.72830499999999998 0.68154499999999996 -0.071193000000000006
1 0.27420299999999997 -0.95698399999999995 0.094842999999999997
2.0049999999999999 0.77767699999999995 0.045315000000000001 -0.62702800000000003
2.9849999999999999 0.16311400000000001 0.66854100000000005 -0.72556699999999996
0.98999999999999999 0.42060900000000001 0.051011000000000001 -0.905806
1.9950000000000001 0.14410500000000001 0.95952099999999996 -0.241977
2.9849999999999999 0.21373300000000001 0.59676399999999996 0.77342699999999998
0.0050000000000000001 0.57120000000000004 -0.561581 0.59862899999999997
0.98999999999999999 0.118158 -0.32006200000000001 -0.93999900000000003
2 0.73284899999999997 -0.613398 -0.294406
3.0099999999999998 0.52078199999999997 -0.18563399999999999 0.83326199999999995
0.995 0.77383900000000005 -0.312417 0.55096999999999996
1.99 0.52917400000000003 0.074167999999999998 0.84526500000000004
2.9950000000000001 0.95912600000000003 0.21724399999999999 0.18133099999999999
1.0049999999999999 0.27310499999999999 0.69208400000000003 -0.668157
2 0.53383499999999995 0.82914500000000002 0.16594500000000001
3.0049999999999999 0.52848799999999996 0.040939000000000003 -0.84795299999999996
1 0.80336200000000002 -0.55951099999999998 -0.20385400000000001
1.99 0.12918399999999999 0.28795300000000001 0.94889100000000004
2.9950000000000001 0.168882 -0.849136 -0.50044699999999998
2 0.89293999999999996 -0.41528700000000002 0.17376800000000001
0.995 0.66405999999999998 0.65838300000000005 0.35433799999999999
2.9900000000000002 0.71501400000000004 -0.67590300000000003 0.17863599999999999
0.0050000000000000001 0.57205799999999996 -0.56039600000000001 0.59892100000000004
0.995 0.65222400000000003 0.35136200000000001 -0.67167600000000005
3.0049999999999999 0.54321399999999997 0.70510700000000004 0.45578800000000003
1.99 0.58648900000000004 0.46670600000000001 -0.66197799999999996
3.0049999999999999 0.25497999999999998 0.87938899999999998 -0.40207100000000001
1 0.95375500000000002 0.10051300000000001 0.28327999999999998
1.9950000000000001 0.86373999999999995 0.46957700000000002 0.18289
1 -0.0059439999999999996 0.93147599999999997 0.36375400000000002
1.99 -0.34045199999999998 0.73296899999999998 0.58893899999999999
2.9900000000000002 0.64244299999999999 -0.465507 -0.60874399999999995
2.9950000000000001 0.15563299999999999 -0.98781200000000002 0.0023419999999999999
0.98999999999999999 0.45072000000000001 -0.050744999999999998 0.89122199999999996
2.0099999999999998 0.46687699999999999 -0.36471399999999998 0.80561099999999997
0.995 0.51265300000000003 -0.75278599999999996 -0.41291600000000001
2.0049999999999999 0.179566 -0.93566400000000005 0.30379299999999998
3 0.97082500000000005 -0.17446900000000001 0.164497
0.0050000000000000001 0.572465 -0.56024799999999997 0.59867000000000004
1.0049999999999999 -0.058833999999999997 0.878224 -0.47461700000000001
2.98 0.031140999999999999 0.10209600000000001 0.99428700000000003
2.0049999999999999 0.17285800000000001 0.76035299999999995 0.62608600000000003
1 0.94954300000000003 0.033340000000000002 -0.311859
1.9850000000000001 0.34412999999999999 0.16320899999999999 -0.92462800000000001
2.0049999999999999 0.90405400000000002 0.292881 -0.31129899999999999
1 0.88991100000000001 0.45526899999999998 -0.028060999999999999
2.9849999999999999 0.37966800000000001 -0.44350299999999998 0.81188499999999997
2.9950000000000001 0.92129799999999995 0.36101899999999998 -0.144479
0.995 0.22305900000000001 -0.54427599999999998 0.80870799999999998
1.9950000000000001 0.69463399999999997 -0.68217499999999998 0.228302
3.0049999999999999 0.88264900000000002 -0.054918000000000002 -0.46681299999999998
2.9950000000000001 0.42586299999999999 0.90303999999999995 0.056211999999999998
0.995 0.29865199999999997 0.94685399999999997 -0.119475
0.0050000000000000001 -0.56812300000000004 0.54868099999999997 -0.61334
1.9950000000000001 0.86449500000000001 0.082654000000000005 0.49579800000000002
1.0049999999999999 -0.12327 0.71837799999999996 0.684643
2.9950000000000001 0.56906100000000004 -0.78967900000000002 -0.229295
1.99 0.77828600000000003 -0.40343000000000001 -0.48115999999999998
0.995 0.52618799999999999 0.29661599999999999 0.79695899999999997
2.0099999999999998 0.001013 0.034255000000000001 -0.99941199999999997
2.9900000000000002 0.81011599999999995 0.222686 0.54232899999999995
0.995 0.55432300000000001 -0.78905800000000004 0.26479000000000003
2.0049999999999999 0.66920400000000002 0.65076900000000004 -0.35869899999999999
2.9900000000000002 0.25737700000000002 -0.83860699999999999 0.480101
0.995 0.63691699999999996 -0.40090900000000002 -0.65848899999999999
2 0.26676 -0.93344199999999999 -0.239845
2.9849999999999999 0.32268400000000003 -0.58299000000000001 -0.74565199999999998
1.0049999999999999 0.21162 0.19839399999999999 -0.95700399999999997
2.9900000000000002 0.645316 0.618757 -0.44800299999999998
1.9950000000000001 0.67270099999999999 0.52388699999999999 0.52250799999999997
0.0050000000000000001 0.56539899999999998 -0.548149 0.61632500000000001
3.0099999999999998 0.117338 0.35352600000000001 -0.92803599999999997
1.0049999999999999 0.83153699999999997 0.010569 0.55536799999999997
1.99 0.076561000000000004 -0.718306 0.69150199999999995
1 0.59577500000000005 0.75732200000000005 -0.26742199999999999
2.0049999999999999 0.52334700000000001 -0.32225500000000001 -0.78883400000000004
2.9900000000000002 0.76591799999999999 -0.43648599999999999 0.47206900000000002
0.995 0.35650900000000002 0.73652300000000004 0.57483399999999996
2 0.99446800000000002 0.063896999999999995 0.083366999999999997
2.9950000000000001 0.061469000000000003 0.89055700000000004 0.45069799999999999
1 0.94016100000000002 -0.334457 -0.065086000000000005
2 0.35192600000000002 0.90679799999999999 -0.23208799999999999
2.9900000000000002 0.36059799999999997 0.46035999999999999 0.81119399999999997
2.9950000000000001 0.87065300000000001 -0.47924600000000001 -0.110843
1.0049999999999999 0.32637500000000003 -0.189161 -0.92611900000000003
1.99 0.67303199999999996 -0.35684500000000002 0.64783400000000002
0.0050000000000000001 0.56427400000000005 -0.54676999999999998 0.61857700000000004
0.995 0.03814 -0.98601399999999995 0.162243
3.0099999999999998 0.48244399999999998 0.24280299999999999 -0.84160199999999996
2.0049999999999999 0.10759100000000001 -0.43379400000000001 -0.89456500000000005
0.995 0.72587800000000002 0.49465700000000001 -0.47792800000000002
2.0049999999999999 0.187833 0.95432799999999995 0.23233000000000001
3 0.73406700000000003 0.61238000000000004 0.293489
2.9849999999999999 0.48776900000000001 0.051189999999999999 0.87146999999999997
0.995 0.83728599999999997 -0.40464899999999998 0.36770999999999998
1.99 0.26537899999999998 0.435581 -0.86014100000000004
2.9950000000000001 0.54756000000000005 -0.82495399999999997 0.14010700000000001
0.98999999999999999 0.113383 0.37804700000000002 0.91881699999999999
2 0.63874500000000001 -0.76885700000000001 -0.029398000000000001
0.995 0.44054700000000002 -0.51905900000000005 0.73245899999999997
2.0049999999999999 0.88145799999999996 -0.15303900000000001 -0.44677899999999998
3.0099999999999998 0.450708 -0.19128000000000001 -0.87193600000000004
0.0050000000000000001 0.56434899999999999 -0.54525100000000004 0.61984799999999995
3 0.97699800000000003 -0.054944 -0.20604700000000001
1 0.61135399999999995 0.77798 0.14488799999999999
1.99 0.69900499999999999 0.091452000000000006 0.70924399999999999
0.995 0.84189899999999995 -0.034181000000000003 -0.538551
1.99 0.31966800000000001 0.359597 0.87664200000000003
3 0.062150999999999998 0.99512900000000004 0.076517000000000002
1 0.64604399999999995 -0.73801000000000005 -0.194855
2 0.700013 0.71237399999999995 0.050049000000000003
2.9849999999999999 0.063 -0.64559800000000001 0.76107499999999995
0.98999999999999999 0.24094099999999999 0.52797099999999997 -0.81436699999999995
1.99 0.44259999999999999 -0.74706300000000003 0.49598700000000001
2.9900000000000002 0.79695300000000002 0.34804000000000002 -0.49369299999999999
1 0.74160499999999996 0.46344600000000002 0.485014
3.0049999999999999 0.052523 -0.51955099999999999 -0.852823
1.99 0.749861 0.25425500000000001 -0.610788
0.0050000000000000001 -0.56396900000000005 0.54455699999999996 -0.62080299999999999
1.0049999999999999 0.073907 -0.163247 0.98381300000000005
2 0.93213800000000002 -0.36165399999999998 -0.018020999999999999
2.9900000000000002 0.27932800000000002 0.76886900000000002 -0.57516699999999998
1 0.230404 -0.93796000000000002 -0.25912499999999999
1.99 0.35714800000000002 -0.144625 0.92278300000000002
3 0.36904500000000001 -0.86823700000000004 -0.331617
1 0.94896199999999997 0.28697299999999998 0.130828
2 0.50512000000000001 0.76704000000000006 0.39560299999999998
2.9849999999999999 0.707121 -0.078353000000000006 0.70273799999999997
0.995 0.62945300000000004 0.14652299999999999 -0.76309800000000005
1.99 0.26951000000000003 0.72893200000000002 -0.62930299999999995
3 0.38974599999999998 0.853518 0.34583799999999998
1.0049999999999999 0.263208 -0.50791900000000001 -0.82020599999999999
3.0049999999999999 0.48562699999999998 -0.61871799999999999 0.61753899999999995
2.0049999999999999 0.52106200000000003 -0.53029499999999996 -0.66879
0.0050000000000000001 0.56276199999999998 -0.54352400000000001 0.62280100000000005
0.995 0.19584699999999999 0.82583099999999998 -0.52881599999999995
1.9950000000000001 0.066521999999999998 0.99756599999999995 -0.020900999999999999
3.0049999999999999 0.89807099999999995 -0.20518 0.38906299999999999
1 0.21987100000000001 0.91249800000000003 0.34497
0.995 0.48120200000000002 -0.73974700000000004 0.47033900000000001
2.9900000000000002 0.67049099999999995 0.701067 -0.242788
2.9849999999999999 0.20868500000000001 0.16131599999999999 0.96458600000000005
2.0049999999999999 0.87658199999999997 -0.27687 0.39363199999999998
1.99 0.28208499999999997 -0.049230999999999997 -0.958125
1 0.84526299999999999 -0.40481600000000001 -0.34878999999999999
2.9900000000000002 0.77529800000000004 -0.30676399999999998 -0.552095
1.9950000000000001 0.37799300000000002 -0.83843299999999998 -0.392621
1.0049999999999999 0.666798 -0.16505500000000001 0.72672999999999999
1.9950000000000001 0.98321599999999998 0.100937 -0.151977
3.0049999999999999 0.40405000000000002 0.65287899999999999 0.64069600000000004
