% HCP-like 3-shell protocol, shared by every arm of the Monte Carlo.
% Columns: b [ms/um^2]  gx  gy  gz   (unit vectors; b=0 rows have g=0)
%
% Generated once by setup_protocol.py (dipy electrostatic repulsion,
% seeds 1000+i, 90 directions per shell at b = 1, 2, 3 plus 18 b=0)
% and tracked here so the MATLAB side of the package needs no Python
% and reproduces the report exactly rather than approximately.
0 0 0 0
0 0 0 0
0 0 0 0
0 0 0 0
0 0 0 0
0 0 0 0
0 0 0 0
0 0 0 0
0 0 0 0
0 0 0 0
0 0 0 0
0 0 0 0
0 0 0 0
0 0 0 0
0 0 0 0
0 0 0 0
0 0 0 0
0 0 0 0
1 -0.62855369363833558 0.12232212506516783 0.76808694295186841
1 -0.66108011842577985 0.74437610001129828 0.094219418137275301
1 0.078550424200205318 0.92835891487505962 0.36328990631446045
1 0.26602411607979126 -0.0025712121371465157 0.96396294458454757
1 -0.026510103589424506 -0.039865317598591195 0.99885332800188509
1 -0.45482234684415901 -0.89036683273999828 0.019584074338999075
1 -0.43223766020801474 0.87023309236134971 0.23635771630539887
1 -0.28691377225512527 0.31486300721606814 0.90473298490614806
1 -0.20051743582059511 -0.25134632632493603 0.94689903483681526
1 0.28347365940876645 -0.57638407409899428 0.76643596180401652
1 0.81228204279593075 -0.2336493381835856 0.53442106032382575
1 0.27123030497909151 0.47136151755134409 0.83919749846662606
1 -0.81228196012732679 0.4743425729471234 0.33940704285799816
1 0.7533237552833858 0.24347960693400758 0.61091816205855143
1 0.60659391826796216 0.76185456104269189 0.22720353460887865
1 -0.92378001529590159 0.28732639780953501 0.25312847422149248
1 0.64739409670190684 -0.18616862047503727 0.73906841923190281
1 -0.38538723158616406 -0.55732278658557566 0.73543728031888711
1 0.52687637496730466 0.28359511684209465 0.80123348357681035
1 0.10998882230401591 -0.4816714866848365 0.86942224372452936
1 -0.15968477047137669 0.98708160305984616 0.013064569656448552
1 0.14883868584810306 -0.94270738207333737 0.29857970021326669
1 -0.6676727137748294 0.53446697956365785 0.51822600768067917
1 -0.43681922498414744 0.73460995022009168 0.51916970801644735
1 0.29655381844515016 -0.82178350491745045 0.48654671287677154
1 -0.83563383624677678 0.050257503915828332 0.54698288366240999
1 0.32521866825060708 0.23199086730892196 0.91674045144007676
1 -0.70015292873214208 -0.26492729980401369 0.66302292736100632
1 -0.65368132588577743 -0.7560058965526264 0.033997184675671081
1 0.065037651834578464 0.1966663454409755 0.97831102028686923
1 0.12971199126149713 -0.75537224579947748 0.64232979815576907
1 -0.84811165612348538 0.5205813659020323 0.098497006162894848
1 -0.27379370954283416 0.042360316197771655 0.96085514424724761
1 0.59507555022822511 0.67033543666518314 0.4433232363315433
1 0.41437907190122086 0.62213744753333278 0.66425520784333514
1 -0.40488524874452675 -0.80712422040004206 0.42967246617942251
1 0.32648703855041505 0.89675741176606372 0.29871785701763848
1 -0.9446533188563786 -0.26707013205590407 0.19053517191655439
1 0.51265919107675906 -0.024554648394069609 0.85824100522333857
1 -0.79554733687791246 -0.56803989149201939 0.21079638625981198
1 -0.67500335607450535 -0.077703815928114053 0.73371151434222726
1 -0.59237154655235247 0.4004035322277571 0.69912299505502584
1 -0.26719490766600962 0.86554259989059779 0.42360699839825272
1 0.058690069496628312 0.55677094177873943 0.82859012432764156
1 0.92604526371228557 -0.220132172600919 0.30656483187417743
1 -0.87116169507754848 -0.18338838580473657 0.45546240347754885
1 -0.45710411891732972 -0.10672897161903484 0.88298626891133192
1 -0.7722891428507872 0.27056921185921484 0.57477106871230021
1 -0.46153249109778038 0.88712255225983361 0.0011562582219913405
1 -0.07273513621528685 -0.91094079880241963 0.40607445257853059
1 -0.43070555602583499 0.57043063328351706 0.69935800318595198
1 -0.4047001008444257 -0.35294416711139692 0.84359246279145594
1 0.52773893760879864 -0.38016658226725336 0.75958211107079943
1 -0.047629008999680603 -0.99290481757511095 0.1089564166896289
1 -0.22952185022367019 0.57513752767734594 0.78519841093006126
1 0.92104986883672668 0.081388786310241309 0.38084511888534728
1 0.5584818089271848 -0.68834969061187978 0.46289607098348617
1 0.88259702941801355 0.41222685623431893 0.22603429532190111
1 0.77348249598932561 0.013823293980896014 0.63366690377645618
1 -0.086181310760231722 -0.61951395595350567 0.78024050141894474
1 0.49602725192911312 -0.57947163097378052 0.64666033915823151
1 0.27416584758233048 0.78412039579244752 0.55676592291712501
1 0.76838819557723892 -0.48934433387929799 0.41245812368988538
1 0.97501668626592686 -0.21879008189865778 0.038384392215974693
1 -0.64316723642176177 0.69233327817465395 0.32712465196852863
1 0.8022332541551721 0.59245807368706671 0.073588292891011348
1 -0.99056176794920681 -0.025568046014570554 0.13466127468704056
1 0.62241624694777586 0.45774061777733377 0.63487915572356768
1 0.31158029597775466 -0.24549412015485661 0.91795988808215778
1 -0.060039248136923296 0.71089165042772273 0.70073415075569234
1 0.82652269721001237 0.37381868016093928 0.42085606251950286
1 0.36545975720057217 -0.90541508893885358 0.21601546840156285
1 -0.47014842018080577 0.23752127992823158 0.85002594347628424
1 -0.28162551259407431 -0.73335128344779588 0.61877537582033393
1 -0.033376836015419027 0.83822547622720722 0.54430142184388186
1 -0.59735007319795697 -0.75200190404501566 0.27868625076071973
1 0.88163936895576489 -0.45005130815685063 0.14200648975870159
1 0.22613080191388824 0.97227121656482984 0.059611591702684819
1 0.93128355735079316 0.36421102716224973 0.007827100451058111
1 -0.61055558351763739 -0.45423897233383004 0.64875945885092368
1 0.04561568653680189 -0.28882260199784965 0.95629530675255747
1 -0.81169078921056503 -0.41567860466653855 0.41032835672569545
1 -0.078423084287551861 0.3660897711474802 0.92726916227814515
1 0.99211654630642743 0.047358391596060985 0.11602560618432704
1 0.74333345439429876 -0.65259910667862087 0.14686654329868642
1 -0.28959718456513678 -0.92502718883020163 0.24588243250960518
1 -0.12655828475635258 0.96423124689487572 0.23289719421041388
1 -0.62221216805518109 -0.6141284252436362 0.48548768803322151
1 -0.93906679113574265 0.066129401112573261 0.33731359903584057
1 0.57827908873085332 -0.7779249837630321 0.24581703597167576
2 0.081440279307026131 -0.88106165637517186 0.46593759085507602
2 0.11045122451361047 -0.74305800437085689 0.66004948992014512
2 0.32267467767983948 -0.8035041333871864 0.50026209132205712
2 -0.39250881121059417 -0.77660885624924469 0.49276314545355976
2 0.39206931664412448 0.89196146316046088 0.22513640128344212
2 0.35765226511638998 0.084441112299126986 0.9300293306185573
2 -0.45218835662532259 -0.87553360446467166 0.17019576253711483
2 -0.029654964816600869 -0.98235006854034945 0.18468601977544707
2 0.55267094721276366 0.83153696779146602 0.055687478872012586
2 -0.80257970736723994 -0.0019841754976325579 0.59654159651269101
2 -0.71634018865220384 0.17180347008854349 0.67626940030379901
2 0.23070685635901544 -0.35906946479735974 0.90434698312046036
2 0.74653612633283639 0.45409022579519864 0.48629813789200205
2 -0.76012141112490061 -0.58963984759269006 0.27302067775236194
2 0.72481395933310067 -0.66566426707026427 0.17758324217583815
2 0.94791733014499346 -0.10394629249866613 0.30107790268727697
2 -0.40423811588674347 0.34657165155542496 0.84645120119383188
2 -0.5934790572301013 0.34504908012122948 0.72713392228444662
2 -0.31924565242388941 0.86654584633267895 0.38364112085649293
2 -0.34173550767859939 0.6507258641028425 0.67806540435216045
2 -0.052657792381708708 -0.60406241623721779 0.79519541886956258
2 0.79838764150208508 0.52029775935496236 0.30309637989745752
2 0.0098969472546561223 0.99736297403385554 0.071896790341303432
2 0.98707940454977783 0.067536696214080136 0.1453032820625301
2 0.61688449870277695 0.66348009767736815 0.42337651711715613
2 0.43908286220889331 0.63570254131489112 0.63489252561377285
2 0.46117437533393507 0.41721891774549164 0.78310061308278611
2 0.7427158009744268 0.16300313576738651 0.64946379168735391
2 -0.5177668859143244 0.55116045872819641 0.65432377351362314
2 -0.61460933686508001 -0.57342306357104411 0.5417022735812218
2 0.3739411614394188 -0.14786660064862278 0.91558914158805926
2 0.57901665305934813 -0.14788245374443598 0.80179205243908169
2 -0.43987928310797625 0.083700960662763724 0.89414784318732399
2 0.52748631578322347 -0.82429380409070452 0.20566455990062246
2 -0.70850760651996181 0.56211165661243367 0.42667019699503322
2 -0.019915989075536603 0.69930998684300982 0.71454103848608475
2 -0.75812696646420774 0.61956285840787551 0.20343393817463401
2 -0.056202097882460347 -0.35636684281889769 0.93265427545950885
2 -0.56115593711497236 0.71931484780231436 0.40949989495938882
2 0.57759051147550666 0.097027861601656773 0.81053981711355327
2 0.45788466514222381 -0.88901150509638593 0.00042099151069786503
2 -0.94415694073311018 0.26194169132158007 0.19988552126926135
2 0.45982603399996891 0.78962756062677797 0.40626141086062251
2 0.49232049510361076 -0.69182289082884563 0.5282060372867341
2 0.1993653112232163 0.48652848407417348 0.85061360608995484
2 -0.11690979211309252 0.85790170700710544 0.50033664829029667
2 -0.67788893816745421 0.7343897862016936 0.033737656006789143
2 -0.16145865551306707 -0.87222128584363101 0.46169376331199852
2 0.72765281168308116 -0.17297994901580702 0.66377656096626014
2 0.82395908830070697 -0.26102807033052333 0.50294708201379501
2 0.57014240625310963 -0.49006585592787211 0.65937325806071045
2 -0.43592492891484519 -0.55273486146027984 0.71024899104262895
2 -0.95234495948368358 -0.051925202099115358 0.30057087605585986
2 0.79051435362367395 0.60024102392483825 0.12164608465794007
2 -0.16877321379747687 0.58509608199745478 0.79320752463381161
2 0.89266822664076806 0.085170824475396339 0.44259390845808944
2 0.4383103564086403 -0.41631057150977857 0.79659873180550089
2 -0.9400704549602541 -0.34096521239390754 0.0032036928688979789
2 0.16017346996229948 -0.54972356723302918 0.81984660708502632
2 -0.23162660175975094 0.23735504773853555 0.94340431346812659
2 0.65480858856257007 -0.65124778901122993 0.38353882417909069
2 -0.29130606948081572 -0.2163198700222021 0.93185110812683791
2 -0.86667483240230814 0.33435311806241924 0.37024684647187628
2 0.91179319194584962 -0.30852246437635539 0.27101118813868091
2 -0.23092233966920542 0.97282499066891304 0.016923668979551797
2 -0.23399196599363586 -0.64896787702203163 0.7239395378372081
2 -0.90111033142025587 0.43333303837513809 0.014921409459157164
2 0.26506708304483695 0.96361624787247868 0.03439721387361748
2 -0.11490712081505119 0.95331725850908933 0.27925357332487177
2 0.84638438308477726 -0.49325956459563414 0.2008195159966441
2 0.054992122214543741 0.19585777257806847 0.97908916826563774
2 0.9864356225819052 -0.16400326411182276 0.0069059294897138631
2 -0.57942243002273541 -0.74716471523474248 0.32559873447962678
2 0.6361838156345514 0.41320400893176285 0.65156166226028278
2 0.28877683749570626 0.28527069692481122 0.91390840219466796
2 -0.62062646967948154 -0.029541007435362934 0.78354968828587213
2 0.09641923967777738 0.84704184772116564 0.52270779449810478
2 -0.72288173894343211 -0.35893298068967594 0.59043128886886109
2 0.72933867336432856 -0.46948986150930494 0.49763879418222096
2 -0.7645867954458917 -0.64103094730878662 0.066980271887935525
2 0.21947084498156927 0.90257438287170555 0.37039442704613673
2 -0.47895748941875849 0.84434557024062129 0.2401671945639535
2 -0.84314213139641048 -0.1865405412674907 0.50429552122535226
2 0.9185414645393305 0.31901754940410859 0.23347244183016347
2 -0.12831615209673805 0.01239403434109409 0.9916558642108857
2 0.09810834760636819 -0.12409213785878256 0.98740867600582938
2 -0.93460239970572712 -0.28649648988432891 0.21080350032258688
2 -0.74059007677950439 0.38763245581420053 0.54887832656717239
2 -0.52338219108550688 -0.23251974135995443 0.81975950859531588
2 0.20747002093874478 0.70109887726630871 0.68221444920757746
3 0.66506907199630438 0.21305094293670268 0.71574606194358925
3 -0.3727757859202771 0.0098082327676986356 0.92786960937488105
3 0.8811711509995015 0.24927731730199065 0.40174397534367134
3 -0.45953226736677388 -0.48766805052008061 0.74230045652060317
3 -0.63666767432442295 0.74882415596021601 0.18416475211288544
3 -0.99803190471097192 -0.061589925121035401 0.01178975413546325
3 0.1817999817457378 0.48351958643333642 0.85624621235517573
3 0.31110934211352193 -0.84695425513808542 0.4311374107557619
3 0.9216596610925466 0.35874086574300551 0.14781224699168627
3 0.17874596433562609 -0.54171113409999105 0.82133971499363678
3 0.57383980526295197 -0.040738895500574579 0.817953678571819
3 -0.53445915637554142 0.23723893383196387 0.81121581495963058
3 -0.10520405518276997 -0.99335415336336708 0.046686537340530881
3 0.025901655875658406 -0.33504843841362486 0.9418448110700034
3 -0.5512570785066111 0.53148123768342592 0.64315109219129041
3 0.75303647703008403 0.60786999153052712 0.25185340509668852
3 -0.85122387600313265 -0.52311031770380922 0.042113043514131636
3 0.82990972739646596 0.082738698270761885 0.55172833186377468
3 0.48132774529292827 0.71976727371993821 0.50025860641571518
3 -0.30768811169879884 -0.93197197766750872 0.19171921855082799
3 -0.88117019145450448 0.18401894943272309 0.43551821998822149
3 0.1554533215715124 0.80925970875177577 0.56650947794664031
3 -0.85601431660493388 -0.24237944614384571 0.4566089068934055
3 -0.61663940228429537 0.67081336335465225 0.41202582333548743
3 -0.51515225221802807 -0.78622506493936606 0.34127452922212442
3 0.078220093032486684 -0.047223325862693927 0.99581703868755678
3 -0.48187834444975025 -0.67649368571734425 0.55691072384622919
3 -0.025313764151804957 -0.82256499619709067 0.56810741975065515
3 -0.39861374607199784 0.75073958355775305 0.52677999119364827
3 -0.17098725211846516 -0.14367426352993951 0.97474153785098638
3 0.88269469724238692 -0.45022076060641586 0.13472690221017944
3 -0.27916307270393037 0.24437233408296657 0.92862809626531495
3 -0.68412716399013129 -0.50077009790766036 0.53028231399168146
3 -0.72593605092513702 0.24426605184069664 0.64292374811121655
3 0.88874465037157002 -0.17995934868499869 0.42160120879426671
3 -0.9554492259667593 -0.023613039726149729 0.29420945082442879
3 0.27890783628985738 -0.24763486579471869 0.9278401759456969
3 0.75078053715883097 -0.12267169005739349 0.64906104603647263
3 -0.9536980818895463 -0.26886928224023693 0.13479346300106596
3 -0.82088017710261396 0.53001755905227876 0.21269020178711859
3 -0.71625489799348818 -0.64791610121727095 0.25919808425941154
3 0.040230135253436917 0.93012354834206867 0.36503660232509511
3 0.41775911761304235 -0.61843142902734771 0.66559739125267381
3 -0.25990318093575376 -0.85615718104870442 0.44659289949372549
3 0.4150738491475352 -0.41177527430164773 0.81126741782697764
3 0.33071463255923206 0.63891499607190094 0.69456134329924724
3 -0.061734337431488109 -0.59310847447916015 0.8027522713034817
3 -0.92347036534221871 0.31477839204615549 0.21935598518286628
3 -0.80920897877851694 -0.043273867113362438 0.58592508146458866
3 0.96794294007748549 0.072197031285031618 0.24057026713162527
3 -0.49427700373241762 0.86870403431547949 0.032303936994024909
3 -0.66068816938994401 -0.28781485174800908 0.69329196875590315
3 -0.25147211774435674 -0.68662854624026981 0.68213122893263145
3 0.34397203998282022 0.9341905342518142 0.094716848682624449
3 -0.1622056036605945 0.85913032555339675 0.48537040067933329
3 0.64032168810036461 -0.73543328702973343 0.22164389474321439
3 0.35623598537330059 -0.01214886992138286 0.93431703810042277
3 0.19106545440695996 -0.75173978563059851 0.6311745296131045
3 -0.53761693623553231 -0.83872668724858868 0.086634715730633916
3 0.75819650926018067 -0.54461243223217526 0.3585182729008819
3 0.17767418492326426 0.23679655418089263 0.95517499754752233
3 -0.028906687584103471 -0.9445102094773753 0.32720768268168726
3 0.02544194257867052 0.68046204992018711 0.73234152290870436
3 0.75056626483204858 -0.39157593665111812 0.53227677756207503
3 0.78175066710306518 0.45563850364600006 0.42574575567954459
3 0.68910142900185911 0.72287575405787552 0.050890713719239651
3 0.55545130978322321 -0.67700603802541914 0.48284227956676151
3 0.62994312632835681 0.51207884866446718 0.58390659385053156
3 0.41489695388174097 0.23865850432911323 0.87801061267563452
3 -0.45641441867188448 -0.22527261747515251 0.86077762880101583
3 0.53830761195864973 0.79920299556225982 0.26739387949556059
3 -0.029285284875241249 0.98760253462028336 0.15421934282497762
3 -0.36286552124329774 0.8860145088925605 0.28862935319316496
3 0.17243898504830193 -0.96440228554359186 0.20048198940006526
3 0.76821207116269807 -0.63987237876827785 0.020335992951992649
3 -0.98143526941660453 0.18832591050950354 0.036306519744024289
3 -0.84513569900251018 -0.43452073339856007 0.31134768751078912
3 0.42932685448113711 -0.87780773383706368 0.21244301456430872
3 -0.24799715972235867 0.96734111541099987 0.052426855761580064
3 0.60724935636729693 -0.32668433463280105 0.724241371848521
3 -0.37738816004081749 0.45874105731692172 0.80444690253164575
3 0.95401620140374399 -0.22019227119561 0.20339235768555783
3 -0.097311975611544921 0.4680204717339671 0.87834345073011899
3 -0.63331506645170099 -0.010046813235388112 0.77382884939054242
3 -0.22931173129850782 0.66882648120751753 0.70716848623538875
3 -0.05592101597289155 0.18466432250409098 0.98120942105478415
3 0.29444735915702597 0.8915689164852787 0.3441011767528841
3 -0.75657789384146945 0.44715103846934351 0.47712245739033687
3 -0.24329925510314987 -0.40389047781233872 0.88186050733592392
3 0.48909815565269593 0.43064875394513052 0.75850157868170431
